PROC	    |	1   |	2   |	4   |	8   |	16   |	 32   |
QUERY 	    |	    |	    |	    |	    |	     |	      |
--------------------------------------------------------------|
fib(15)     | 14793 |  7419 |  3735 |  1896 |   987  |   540  |
matrix(20)  | 83364 | 41684 | 20860 | 10436 |  5244  |  2736  |
qsort(500)  | 54066 | 29246 | 19912 | 18534 | 18534  | 18534  |
--------------------------------------------------------------|
-----------------------------------------------------------------------------
3 8 3 PROC  |   1   |   2   |   3   |   4   |   5   |   6   |   7   |   8   |  
-----------------------------------------------------------------------------
Clasico	    |1601204|1109492|1039196|1029540|1026089|1021264|1020132|1019216|
Par_Back    | 8807  |  4417 |  3467 |  2573 |  2551 |  2549 |  2546 |1651   |
-----------------------------------------------------------------------------
